1000
127078969
170462402
129077745
189971983
171166486
154626321
141120520
188203602
178403660
176753383
149206470
176583577
191833672
112917311
180967968
174401061
144892826
127554845
109086557
162992935
180907179
207727033
150374577
150804236
133655955
121613468
118964612
182942745
164029953
164750833
152694536
102061709
179933954
153131944
174707943
127232949
114563558
179972846
138756706
169664959
135963432
206793811
155512501
113469519
139443538
146561412
161217191
142717336
157914873
118269541
181057377
164404990
125131703
108771407
122648194
143949698
194925965
198884422
177518225
151007626
133644485
193678325
158770053
133644650
157420656
104551313
170198555
178356513
163201543
161216505
126586390
181794553
191317538
122683528
200964881
184262180
168926989
111933255
114312063
190379681
146409123
161492025
138907715
191921580
195149568
119265547
146000848
157965488
195946131
181532872
117591108
116976292
118823970
163357549
186176427
185884500
111508028
207287861
173564779
182787606
203648457
132694657
131662048
131249606
127796462
159081257
177864745
136913134
144864050
144532317
155430118
181638223
165789490
158304892
186033324
108262488
102395727
118021561
175777996
203106636
181066237
173182400
187289108
149076442
131105311
118497309
191636419
129756951
182053612
132995494
142660060
201515290
104408372
196131980
196131834
126332685
190683469
208758567
139343911
112196852
190578529
151843518
176536840
194834726
141115542
107238458
102648333
171363937
132924447
195213573
156576655
130568743
172019615
192145706
191432270
197348348
155985824
132317793
138980395
149437726
187819648
200960136
103387896
196071497
139061354
195435027
152711164
115126619
171200264
123713771
148690362
118282838
120429312
132124947
208845888
134306300
160943577
205903828
138849239
127502291
121778946
199952516
178091776
182288504
196866483
157116887
196357361
184908465
190025323
118851567
144904179
139828806
139040324
191294151
146045347
146812237
169903986
189273717
185204685
195468735
174263647
112261674
168468022
109119773
113449469
114653266
141418534
134192595
193375214
177729081
153632126
135390775
169731495
201249663
107891936
129431563
133952357
170269238
151114272
105045168
155268508
140988816
151449762
186894000
207084057
176526080
124723725
124787345
179911766
112776776
163606795
180992187
152197060
176695224
168000267
140156041
168625997
128650660
197669395
156870713
155426154
133221504
197057257
122349702
114389694
107398525
122349303
208449839
137717946
162993334
208918539
207574034
165127591
135728713
132413628
179047759
190004623
189936235
126160896
119647424
178439525
126602217
144026904
190410351
198000772
105269693
187181725
166209520
138388465
150281756
156894259
177534488
121484956
111756387
194912915
174403516
103648070
188869623
197373273
104850464
132390118
203361363
104574634
152932617
111640339
114990028
124763580
157488455
132241508
158877314
189301695
157986698
165460682
149911909
147385082
199871856
193181249
151972390
192596380
177103358
192128194
104388098
109780566
113770479
190297935
198879486
187827822
138766543
121461402
119404902
145341508
121942139
183910086
208604980
151937773
147193346
152913082
198902304
173193759
133290158
152416068
175734970
130429251
199287349
132407004
121067455
171422699
200788346
152295527
199162717
187666307
165472544
192183146
188631473
202344077
184620655
110828490
126674196
152225164
106336028
206021841
133774393
130336083
196987380
105423447
172120872
161828798
189160885
155166801
164893875
169457948
122494187
104844150
141483265
189672281
141010128
185447887
130146059
128546242
132047392
193423471
115339850
129473685
152600446
203145318
145905700
208203868
139977775
206509647
166284536
113575044
193864161
166252541
194106924
144782067
116528229
105488792
149162984
196227291
171628758
148734171
117188663
101899234
107630985
200878836
105089848
153021704
132332003
127320173
149344425
168945738
156257379
125765207
202321297
168086591
160344177
176266958
200091014
162960183
128701773
164761903
177838181
101974203
168077789
107870353
140445492
181502912
191760580
169225369
136131178
161258977
112403208
181448317
109025783
173139045
124639905
124427142
150888843
123436288
188620764
198681751
140534402
154878852
131843939
149593983
140765021
201528604
131718154
186453679
116444400
114855287
129507816
190285392
132037319
136212401
159441585
184777001
172466487
153685330
199712464
137845887
158219913
157950389
185549576
181904430
195478145
182029664
172611276
169856019
194583660
140572662
179927945
155956193
167939609
104028960
133784864
181236821
178471173
125165298
165908207
171532019
185211030
102804530
125359791
120540682
205237254
117099438
185032456
162662565
174871777
126856350
205231564
119087428
208264517
147828450
156501959
111092107
185817043
137083098
112206434
117309734
161450119
201760550
122203265
124525957
177139982
110288878
123704106
206557928
169198926
201724543
130256408
184925540
105396262
129453258
166784461
173730186
183639680
137822007
169216580
208384424
173216866
187055866
169449955
172395555
112343333
183593047
197913057
129012711
186210423
103245200
205302016
190615795
203891226
146951637
133084120
168228627
122775009
124358134
202328719
127192004
131854580
166076705
184424956
106512814
105163693
125965511
137852247
137606568
186338956
171080679
161466202
201442598
166854860
127837248
137826609
173732950
110866124
206637731
110626149
204756306
192482222
164329524
136443945
134738617
123895305
126088119
151670861
107468844
140050460
152561355
131736213
170155809
170085870
151264083
152387820
185354305
136419902
131663277
207652679
178015253
165891365
126411985
170304573
143467734
146560142
134025315
154539871
133712012
198400732
115625986
182914760
140654711
187965634
164462562
138530812
132876814
157043314
176426017
165140992
148236838
147116330
154719892
149880860
182079456
183242890
106653563
123532066
129388708
175926551
206094382
173166072
177151232
188359841
191610838
105650897
178628062
124919379
201150396
128140530
151825086
200378157
202300179
151986744
146626778
182415259
119963267
104682778
184057599
117380537
185643492
152723449
195939184
181695642
179179230
170510042
135415831
136930400
152156158
191301639
126393556
167158483
117264267
113509148
195259018
165146178
197722263
102340339
207844803
107875171
110339226
161019307
196349692
193286472
141480705
123030313
107045210
206818586
173107758
195779064
139265860
106877490
156787172
162901190
144101787
135735837
172599383
172396182
127759103
208225354
148449962
198261071
188173487
152895353
179892682
201693245
122654501
160206990
141021711
102879363
132696283
108461043
185020717
193614091
168959543
131905819
182946831
186312725
132696478
126200069
168996773
144794785
118689205
205223105
191887550
109727084
137038491
130709293
115958484
104985671
191943934
112791190
150954693
148579009
123477631
125174336
141006608
168354622
153236474
197643099
208959606
117789417
163663202
151312644
189357305
118528255
157368531
135917204
208994800
192623567
197541897
156391475
196887326
186078940
191665745
131950850
114486603
117577066
113134631
125904368
196815565
135926784
162157879
122417891
112229397
198373963
108627161
108795836
131733674
123418816
158160381
117264199
122593802
165627998
203461658
188887306
192623193
180665055
185004419
138715194
151888779
194598998
145994922
151871037
136081744
151247080
164311796
117201822
121679051
116879769
161119729
102026611
187431604
128227257
172802827
197353859
132101469
108301183
104763636
126689952
113935822
194787464
107315381
120844322
109303542
118964335
162581177
178759272
151009809
115370587
135869677
155985102
144449153
120240049
145322603
179977031
139025540
182325818
195704696
131615267
129379688
156539062
126063998
207830868
161202432
131944358
196512124
170314147
194849676
144418315
128826431
182711571
204917841
111924939
205351241
134941791
138924429
144149896
101827140
130863085
153761797
140422967
188844551
107572231
118360294
146754243
167126387
126383113
146575831
118900284
105928849
143223445
172422131
108312826
116708533
201164268
138790986
132022591
201604025
177251941
198497481
203205900
185958437
120261607
110699546
178902208
136916885
187711775
131235910
184523907
113631982
128993818
196742287
143519063
136715197
140947572
110949944
137620250
182694243
205924659
166071056
155558134
203652726
165639341
177164559
181440587
125349136
107042064
187645195
129486001
203570211
201698795
117553377
164501727
126118079
127161521
153550564
135084383
158567081
170601087
169139371
128432194
194182289
168644897
136964401
127856472
173225175
127096521
205140407
137249742
175846245
151482121
195748021
183787423
200939533
158569449
132115031
133823989
145921664
195536431
183893879
171790117
168493943
199110840
133831318
114714025
156346052
110309687
177059603
179003531
180802867
198646105
173933840
112315134
176402448
149786568
206268229
114155852
199167223
197460532
103520588
113023124
185711352
151118944
205847131
105341813
194940253
162867774
207829821
167668254
194386559
186025439
131580414
105504757
129830073
188499766
131803817
126416971
170647077
204717527
101837167
186409270
192795790
200056522
205842198
152576356
122580518
197591777
124203993
174745923
169780772
183678063
133601338
186428886
165562050
118356491
151400049
132330220
114817821
200733150
119859806
178426941
184087746
199170510
173987893
151331801
180202119
139351306
124036793
166409817
119384011
199450801
134802850
105486647
106522477
147998327
156531759
198994797
140210601
101959948
186269604
153419988
111887530
134316130
181133044
199921584
131955065
206472346
182973123
132676939
187931734
178472033
205773713
179877222
156365136
208669578
144060813
178543372
193474868
173433932
151017108
164208330
181842811
163973833
173402494
107483759
103898597
126829106
180514395
122817058
207100471
208361959
142421304
187212192
164981838
194674189
116913720
197756465
111578970
174441559
132821294
145478671
168682842
198031407
131459663
139468404
156899387
140546738
168122283
157963938
