100
566807251
561640044
562659829
566077576
556844332
566577427
566323106
558043391
561963911
564169905
564482963
564483195
567657314
561153723
560415784
561922305
568396373
559316211
555270023
565807599
568370401
555903152
562939610
558845215
560599049
558951470
559409552
558942332
565043152
561255989
566555659
558503908
559704004
564927156
562317993
560286900
562639053
558671976
567359788
563784872
564272936
556750096
560346290
556201025
556317085
563539059
557201206
567676323
564205967
566535803
556937448
555531792
561051352
556491600
558041428
557883224
567109782
562660102
555267796
555571097
557374480
555977680
554872874
555909805
567736579
567560624
567115346
563489843
561721656
557963750
562001966
563717127
558873648
558730839
568286081
567599985
559590770
555668546
565125523
555108208
557406530
554895654
556599370
567320737
568224613
557609756
563575758
567990941
558241261
564639068
564253373
566872590
557627498
561557518
555133583
556067554
567804772
560284003
561803540
567600024
