100
502593462
674472660
646232817
419119517
611082792
679238645
643421901
497532108
461006610
593963886
513473042
420049153
427288122
582619579
582026848
585070513
503094029
582763986
458957737
674239530
639045452
481214834
453007492
638149267
612117138
414975710
687224017
662348746
396927987
416875212
625789458
415041445
431766900
622069507
594145371
437176615
538807582
479575692
498274573
434700377
691504911
453082747
387203021
483414152
469422458
406414304
563819587
573414605
593287942
616700595
495437527
563066173
611763734
422036644
506000560
681525656
444574821
579799516
671050085
575065423
518496682
541190832
508350014
569414593
530268106
378646695
699273553
421509883
403347259
517775231
419269367
677921730
656383333
557462858
577187420
520749208
661199544
632025514
619230940
681398179
405228797
487166023
630752879
456426131
431519974
634465104
500686252
670843005
427425967
648301183
467238948
624515296
521447482
585624866
484760286
415171165
438761064
606117632
691860623
651641546
