1000
710195935
713593054
721566957
726243141
703295083
718088915
729495847
705341054
748597852
738918841
715375361
724900010
718857539
744315497
717118132
710509203
714215454
723072798
742744996
740165316
727869250
736141900
751332754
722261586
738758291
737362087
738492348
743285433
712981895
710133968
712006007
726955969
745295436
727370201
737243115
747495279
745258738
724103301
717887970
718160156
747899165
704723365
723046259
735059922
749170941
749619951
750808753
713938854
706261752
741116822
737885686
710956130
727538382
747408201
738624892
733895176
716649884
737313597
725802768
746212428
713836672
734457104
747891854
738698256
705176089
746372596
705204561
720539640
705691401
749928924
714885795
725915036
735983867
702661098
743537487
726493473
733686234
716258581
739052241
714658638
719512475
708949242
723162679
730113008
708198354
705798611
734283203
719682234
705440679
710794513
743006075
736527068
733884578
730018459
710044934
714058959
731772887
718453640
744956303
724518334
734045478
715562692
744754901
746222623
744564865
713278476
749741868
709146003
720089236
705651230
742619448
747515358
702867469
728932944
742817510
719571751
742417790
738308994
731678214
747629505
750358950
740383804
745511770
731240216
737758858
725139565
711583300
736335698
708108518
717232143
707874107
747253991
733630002
712624025
724310069
720798450
741176871
715495616
747287181
707047659
704201722
709016377
702864271
729360572
749233934
706299761
709313100
734298659
718884512
716066211
719334817
743824703
710466827
708029784
737519586
742150050
746442539
728578875
735499719
724223052
722854778
709564701
715388938
742382409
709393124
718840485
709198409
729836227
707797264
749780499
719529202
705927204
732857649
731735213
742998243
741441529
749111985
715613494
706551552
722274322
741290289
719155354
707137973
723719708
703530549
743059338
708117683
739927465
723751411
713968126
709660952
716131657
733138476
727161741
719101595
747239290
742969822
723818432
721000411
734291623
722203543
713642514
729716625
736390034
719037824
734391440
718730946
731793387
705778947
733491425
745865225
706671811
735480017
713653051
717690388
729876767
737446590
746581751
703581668
745178103
750615893
716487015
717158832
734667780
726683509
728027704
735023272
703946958
740839184
731380964
730370200
733098951
742871803
744178036
730944724
730034923
729485834
708397257
706515886
749759702
726439775
748539854
749648138
714931810
716479255
709246392
738354131
724303183
729457381
743712924
743235905
709563486
719180020
745845127
718776669
709076831
727735181
727547739
709905001
715450081
728673006
721894659
719833679
743944709
703428516
722647434
724837021
749146863
726077791
750456220
738327088
736281606
721844167
713026477
721788913
739042167
712877740
747588957
708325262
710580231
715036871
750734031
750765286
710342856
745399411
717757734
716827726
739096278
740930053
703719612
737988034
722983191
713827415
715866982
743919618
706827631
738165769
751325708
708887041
750323947
725098742
707898073
741030694
719584259
726205476
743419672
745061486
743066131
720640089
708035694
732724306
740534318
718418309
708127196
733566660
726060150
741697894
728728162
736194453
716027720
749083369
710530384
704109681
714823316
726800827
745274760
727505312
724573224
707899293
745840766
713225836
714659554
722080813
740547030
733227607
725068566
730057515
713956964
710739124
735295631
708730451
725219862
745989086
718133528
712712786
711995634
713446091
719679538
719186696
735685395
711318107
727870951
721866384
742230722
740911069
736665950
737732906
712845554
750263601
723407209
737880015
713793148
746667493
743998879
724611601
711711335
716123467
744186747
713839688
739885690
738242165
732407926
727089201
704698617
725530732
723731946
726558019
744270251
732482787
735445940
708452023
703553386
724766701
715051197
705609333
726750507
707622607
706259157
726629707
731107423
715735027
719992717
724459849
734960625
713917588
734239135
724287508
704246067
731390764
727276161
720199114
747209870
720252901
715030363
736621361
715070463
730175258
730308807
736943708
735597674
748368530
712402256
708916859
735744904
729426398
742894685
707262192
736605301
737246494
734483549
732784008
708802516
733885982
706686392
726140091
704795420
721256659
724060263
736578368
747741547
738623416
704917121
729650825
748670887
712702355
718717680
703732898
718806284
709758638
723116944
738774586
711495933
725448105
729761280
710720759
712945738
742132810
707385599
706145248
706022505
728378214
714885304
750489577
745041937
733130736
712313867
743323146
720582340
737621060
723853645
734155239
749153876
740518468
746810775
724890497
751408754
740332422
739593762
746353524
728147875
751303325
742197602
738564801
736468632
732245970
737460117
735067492
704042706
705940606
741267988
725445080
711427192
749531771
747541870
731121873
705126019
729479856
716304635
724589924
728125620
733508556
747665389
706003462
714773499
713994332
721213946
742851950
721834038
728798347
716414257
743203825
729834482
724506309
710658896
744919817
739677935
707228277
750592691
728838181
706230454
725141565
748864067
716524985
737471415
742701817
726220340
738015442
731383229
714206136
712719622
711009614
704931319
723934202
723638877
749254170
707898242
740487178
720073268
703542233
749086382
735837176
729737931
711502296
738479545
734764949
732370040
714988435
718606563
705513230
747291342
727966530
732141744
716905287
742178817
719104477
710573882
748806618
715208709
725914837
727745399
739798252
739703785
718651168
716810051
735598436
742282226
736159795
736293477
746670143
705486538
749103126
747938513
735603269
703962292
706114586
738407216
704410067
711761758
737524844
703355484
708483497
703061136
735169040
745635826
723359882
719670132
706062940
728651451
720193502
736121278
739150554
738928203
737447435
711334384
744532068
729477854
742181021
742411243
711946263
721920831
705050478
712590355
743154239
711811938
716086595
724326795
733380415
705601150
733209576
724722418
738623291
721623368
743370456
732215716
751278610
724927024
706501042
748704816
740242703
706948716
713624561
719341311
730916667
716038758
705713348
706519314
711926358
715511929
738313921
737179457
745793270
744473287
726999227
704492360
736532598
735885821
719445123
731341071
703495057
745153783
724590877
732310546
739152951
725886864
712613252
722008263
709631726
726583761
735735202
731923383
714809005
713689812
742782963
736921280
731073413
728026800
715159955
725629750
747995997
749568231
732411438
711993720
720774215
705240329
702631541
731205116
730847296
713786920
749380807
733398322
750181957
730354646
725399223
724633198
735529635
739759575
715493775
727063973
707717822
740244377
744842376
730931115
726221260
703983527
745956200
748745254
722058437
713764707
709981926
711838562
748926040
749644133
738099013
749049122
732852465
730678087
740611586
722456535
710396060
712991507
703438847
737128053
725008889
715150598
711792816
709731128
745339946
717606389
725714039
733911201
745048559
719661351
710391217
730594034
746443417
731106433
728379534
722452946
723776014
720554084
723579777
716672877
734422577
746087143
722394945
740301512
703587085
707988262
750125634
737967750
738631221
715223975
730297167
745835037
737163781
744049617
746587087
742170289
738049668
734558430
748278158
705155320
707436709
727844062
720896806
708750162
720542924
743054508
738088791
742418799
749359082
710795948
732987857
703970123
717076922
708602246
717193818
725605879
708205004
747799377
705887443
748086129
736436340
737028489
730455309
710152659
731152306
703255034
709310382
715810318
725408807
730279691
747986130
735489524
723720528
724890240
718778155
733063268
740187964
747646025
712191009
722398429
738875944
731883746
715780922
719954883
730532703
728864496
736751615
745909800
745917602
708829241
730540450
737740030
734772027
707401513
719070202
725903211
735265698
729692420
734603617
738388978
734451010
727662567
730613899
740728424
709732142
748365290
724063145
718405400
702436835
707894154
723681862
739738034
735706554
750390979
726404721
707904262
716400814
719501705
739196831
746564114
706762507
724837170
716117283
719262496
730887203
742031016
732428529
704538334
736149576
710996701
704877600
720939143
747713781
739144925
736853308
748612182
709779447
713870710
722665134
724855245
715327418
703365758
711491019
709463057
742600553
702842181
706524821
732762706
723012745
725739135
724277366
742405980
707009409
733440743
722053124
709265425
712597867
703138573
707161440
714277540
722714340
713402304
737342704
741477685
719021005
727492430
712262916
735579141
728232776
713368858
708118924
724410188
716208132
745432013
710598019
731385216
730220390
715661826
703944787
713329179
703030545
726870375
725759144
721696031
721556678
712544861
732501425
711724277
716915840
746501015
718613169
711326093
725743480
744189140
722923146
747156157
746363895
717494446
713721593
705790143
704404278
733004385
718225907
721855578
743450675
721863052
744812627
738788448
731596096
742836465
728581872
707412662
741551864
730307300
724653827
719034648
750258485
703406943
715265238
720058767
723496040
742278090
728871885
732385386
705720191
722120433
718367429
732680969
712063817
705261335
718427003
704304074
726046372
734779376
728646182
725915614
718742174
728862382
733801955
709653535
750838478
745274621
737826210
733841159
733515010
726585155
744580278
728889772
743213921
735756790
732926909
742178928
735026690
719025847
718477328
709239974
704548034
732869320
725591135
731140979
750124397
741717811
711930866
732736270
704056680
718228589
711047946
717758132
703010580
715281672
739517861
729185746
742212928
722118266
706026676
705501461
750671731
745989559
737565189
750590018
732722859
704010813
732371493
748217658
733004345
726459491
714984608
710669633
724428075
749538105
745043011
739024424
722591783
744441667
723129093
730954464
737542181
747665388
745814523
742837126
747186887
705521537
705155172
747700420
742481403
712206247
711328737
714013102
